801230
801232
801255
801259
801284
801291
801322
801374
801402
801410
801415
801418
801433
801447
801528
801536
801539
801541
801543
801544
801555
801556
801580
805632
806031
806048
806176
807804
808254
808373
808452
808916
808993
809236
809294
809912
809968
810124
810190
812586
812588
812777
812831
813316
813333
813443
813980
814526
815317
815994
816009
816014
816077
816150
816155
816301
816401
816418
816419
816432
816495
816994
817029
817081
817087
817098
817124
817125
817152
817172
817173
817180
817181
817198
817371
817374
817381
817384
817390
817392
817393
817395
817399
817400
817737
817738
817741
817762
817768
817773
817781
817794
817795
817806
817807
818159
818160
818179
818194
818213
818239
818575
818591
818599
818617
818724
819038
819055
819059
819062
819129
819181
819190
819207
819472
819533
819659
819695
819709
819723
819728
819765
820152
820356
820713
820719
820736
820787
821287
821297
821308
821519
821533
821573
821631
821632
821646
821696
821697
821720
821721
821743
822176
822228
822288
822619
823132
823190
823191
823245
823285
823327
823677
824164
824166
824822
824895
825095
825154
825359
825360
825668
825676
825706
825820
825849
825929
826159
826227
826247
